2546956
3735521
5758363
5763717
6138944
6315081
7158959
7756910
8053686
8288992
8293276
8590921
8927558
11347211
11402830
12396087
13288225
13321249
14010983
14494815
19219882
19320876
20197483
21132919
21332854
22500678
22754399
23859944
23963523
24701758
24958801
25957653
26494377
29299677
30106402
30392132
30490307
30687220
30777998
31273327
31287244
31319703
31912957
31919185
31997199
32166613
32420727
33134279
34061505
34260013
34261208
34418022
34537417
34882583
34911356
35094842
35521523
35907363
38743196
39212047
40042813
40043557
40591483
40869642
41334455
41595370
41796125
41854057
43048859
43061266
43453935
43732464
44058830
44324593
45298628
45777817
46280675
46465507
46539950
47144842
47500237
47815689
48154418
48728861
48808977
49108986
49215062
49435422
49755520
49790651
50292769
50348855
50909144
51483755
51495513
51541286
51705313
52672248
52789546
52836692
52935999
53236881
53783680
54093188
54265966
54386142
54778072
55037248
55646848
56067799
56160741
56336858
57293731
58064679
58093814
58655953
58817422
59104061
59106722
59444844
59697848
60058757
61192126
62356943
63489888
63531241
63561072
63567964
63782043
64063707
64432603
64521364
64718623
65489622
66572065
67309245
67403388
68199456
68374442
69468477
69537025
69770011
69902134
70252563
70694332
70738206
71205786
72306412
72386581
72970188
73283810
73527312
74041022
74139369
74854796
75066175
76440303
76506683
76896012
78165367
78701440
78724424
79353450
79646357
80424436
80548085
80784383
81250153
82171732
82392514
82427110
82665340
83218206
83343516
83514018
84055271
85038344
85315698
85630545
86245473
86645487
87184280
87270766
87359664
87411651
87689735
87881926
88620255
89361365
90095615
90246097
90604500
91576636
91594852
91594897
93084447
93108385
93119238
93152430
93341690
94231275
94477576
94481103
95300632
95590366
95631049
95776124
95828279
96981138
97025232
97093521
97134988
97218198
97437973
97893363
97935913
99452164
99513330
99524699
99989769
100118077
100576366
101245120
101294126
101565755
101603261
101660142
102234121
103474948
103475322
104391046
104669904
106361241
106697695
106771275
109051177
109261185
109340345
109803984
110126774
111231343
111446550
111594777
111888012
112073293
112369031
112861715
112948956
113134996
113375451
113895375
114084882
114623040
115454876
116738849
116789919
117223776
117492953
117803081
117952265
117956603
118013309
119460682
119559855
119721581
119945779
120007778
120925399
121606408
122106700
122713225
123412664
124495408
125394808
125420863
126277476
126767262
128973872
129303294
130018501
130448925
130713140
131867374
131966634
132579606
132956835
133131720
133448633
133516537
133669003
133789173
133973160
134178285
134583641
134788497
134799501
135154973
135386044
135882043
136013713
136047152
136113811
136213432
136549390
137028842
137237142
137581579
137659620
138371548
138574406
139054359
139327406
140133153
140966304
141333752
141641691
142047611
143527618
143625687
144085632
144253801
144343273
144379699
145044560
145356453
145358518
145393808
145445873
146030834
146242031
146342801
146456183
146712202
147175243
147507139
147508268
148064139
148896114
150899220
152092612
152802135
153041917
153402769
154845730
155803450
155870927
156028135
156410195
157889782
158045366
158097087
159559491
162550221
162714035
162834020
163139201
166750028
167740139
169134647
170192156
170331910
170503957
170603791
172061217
172337554
172817751
174258705
174467533
174769208
177141075
177185131
178154455
180196019
181531922
182303817
182475020
182675476
182847542
183709515
184475213
184725564
185323861
185886302
186047409
186540888
186763683
188082285
188092711
188461539
188561620
188918712
189415023
191476158
191885999
192015577
195056602
198831303
202366597
202567043
203322936
203462483
205351519
206327380
207100112
210269372
210275275
211572825
212280549
212435542
219415777
219437949
219834421
222777618
223180710
226655827
226760579
227098341
234965785
237651542
239495127
248808460
253243259
253692135
253952000
258217004
260914145
262068455
262155503
264241954
268314941
269888911
270440471
272264632
272933427
274094528
280189400
280366574
286155998
286342366
286747520
287391451
288523552
288667759
291304909
292471215
293160527
293883720
295635933
298619210
300249477
304131805
304218481
304622131
304911512
306535755
307047649
309602811
311139843
317349698
317945492
319736034
322151808
323311698
325199200
326214521
327271000
330937931
331880776
340312324
341870751
342575389
346481640
367514820
372324673
381433105
382213424
382863348
394249437